version https://git-lfs.github.com/spec/v1
oid sha256:ff6b42229c10d274f4568eb8f3a19e441b81836e743684e4c70c44f43a624e5b
size 8265
